E 0 0 0.1
V 0 0 1 0 1 0
F 45
R 512 512
MDI 0.7 0.7 0.7 0.1 0.9 0.3 20.0 0.0 1.5
S 0.0 -2.8 9.0 3.0
AL -2.0 5.9 8.0 2.0 5.9 8.0 2.0 5.9 10.0 -2.0 5.9 10.0 0.3 0.3 0.3 0.1 0.9 0.3 20.0 0.0
T -2.0 5.9 8.0 2.0 5.9 10.0 -2.0 5.9 10.0
T -2.0 5.9 8.0 2.0 5.9 8.0 2.0 5.9 10.0
MDF 0.0 1.0 0.0 0.1 0.9 0.3 20.0 0.0
T -6.0 -6.0 0.0 -6.0 6.0 0.0 -6.0 6.0 12.0
T -6.0 -6.0 0.0 -6.0 6.0 12.0 -6.0 -6.0 12.0
MDF 1.0 0.0 0.0 0.1 0.9 0.3 20.0 0.0
T 6.0 6.0 0.0 6.0 -6.0 0.0 6.0 6.0 12.0
T 6.0 -6.0 0.0 6.0 -6.0 12.0 6.0 6.0 12.0
MDF 0.5 0.5 0.5 0.1 0.9 0.3 20.0 0.0
T -6.0 -6.0 0.0 -6.0 -6.0 12.0 6.0 -6.0 12.0
T -6.0 -6.0 0.0 6.0 -6.0 12.0  6.0  -6.0 0.0
T -6.0 6.0 0.0 6.0 6.0 12.0 -6.0 6.0 12.0
T -6.0 6.0 0.0 6.0 6.0 0.0 6.0 6.0 12.0
T 6.0 -6.0 12.0 -6.0 6.0 12.0 6.0 6.0 12.0
T 6.0 -6.0 12.0 -6.0 -6.0 12.0 -6.0 6.0 12.0
T 6.0 -6.0 0.0 -6.0 -6.0 0.0 -6.0 6.0 0.0
T 6.0 -6.0 0.0 -6.0 6.0 0.0 6.0 6.0 0.0