E 0 0 0.1
V 0 0 1 0 1 0
F 45
R 512 512
MDI 0.5 0.5 1.0 0.1 0.9 0.3 20.0 0.0 1.5
OBJBV resource/model/box_scene.obj
MDF 0.3 0.7 1.0 0.1 0.9 0.3 20.0 0.0
T -6.0 -6.0 0.0 -6.0 -6.0 12.0 6.0 -6.0 12.0
T -6.0 -6.0 0.0 6.0 -6.0 12.0  6.0  -6.0 0.0
T -6.0 -6.0 0.0 -6.0 6.0 0.0 -6.0 6.0 12.0
T -6.0 -6.0 0.0 -6.0 6.0 12.0 -6.0 -6.0 12.0
MDF 0.8 0.3 0.4 0.1 0.9 0.3 20.0 0.0
T -6.0 6.0 0.0 6.0 6.0 12.0 -6.0 6.0 12.0
T -6.0 6.0 0.0 6.0 6.0 0.0 6.0 6.0 12.0
T 6.0 6.0 0.0 6.0 -6.0 0.0 6.0 6.0 12.0
T 6.0 -6.0 0.0 6.0 -6.0 12.0 6.0 6.0 12.0
T 6.0 -6.0 12.0 -6.0 6.0 12.0 6.0 6.0 12.0
T 6.0 -6.0 12.0 -6.0 -6.0 12.0 -6.0 6.0 12.0
T 6.0 -6.0 0.0 -6.0 -6.0 0.0 -6.0 6.0 0.0
T 6.0 -6.0 0.0 -6.0 6.0 0.0 6.0 6.0 0.0
L 3.0 3.0 1.0