MODEL PhotonMapping
E 0 0 0.1
V 0 0 1 0 1 0
F 45
R 512 512
OBJBVH resource/model/box_monkey_with_texture.obj
MDF 0.0 0.0 0.0 0.3 0.7 1.0 0.03 0.07 0.1 20.0 0.0
T -6.0 -6.0 0.0 -6.0 -6.0 12.0 6.0 -6.0 12.0
T -6.0 -6.0 0.0 6.0 -6.0 12.0  6.0  -6.0 0.0
T -6.0 -6.0 0.0 -6.0 6.0 0.0 -6.0 6.0 12.0
T -6.0 -6.0 0.0 -6.0 6.0 12.0 -6.0 -6.0 12.0
MDF 0.0 0.0 0.0 0.8 0.3 0.4 0.08 0.03 0.04 20.0 0.0
T -6.0 6.0 0.0 6.0 6.0 12.0 -6.0 6.0 12.0
T -6.0 6.0 0.0 6.0 6.0 0.0 6.0 6.0 12.0
T 6.0 6.0 0.0 6.0 -6.0 0.0 6.0 6.0 12.0
T 6.0 -6.0 0.0 6.0 -6.0 12.0 6.0 6.0 12.0
T 6.0 -6.0 12.0 -6.0 6.0 12.0 6.0 6.0 12.0
T 6.0 -6.0 12.0 -6.0 -6.0 12.0 -6.0 6.0 12.0
T 6.0 -6.0 0.0 -6.0 -6.0 0.0 -6.0 6.0 0.0
T 6.0 -6.0 0.0 -6.0 6.0 0.0 6.0 6.0 0.0
MDI 0.7 0.7 0.7 0.1 0.9 0.3 20.0 0.0 0.6
S 0.0 -2.8 8.0 2.5
AL 0.3 0.3 0.3 -2.0 5.9 8.0 2.0 5.9 8.0 2.0 5.9 10.0 -2.0 5.9 10.0