MODEL Whitted
E 0 0 0.1
V 0 0 1 0 1 0
F 45
R 800 800
MDI 0.7 0.7 0.7 0.1 0.9 0.3 20.0 0.0 0.6
S 0.0 -2.8 8.0 2.5
MDF 0.7 0.0 0.0 0.1 0.9 0.3 20.0 0.0
T -6.0 -6.0 0.0 -6.0 6.0 0.0 -6.0 6.0 12.0
T -6.0 -6.0 0.0 -6.0 6.0 12.0 -6.0 -6.0 12.0
MDF 0.0 0.7 0.0 0.1 0.9 0.3 20.0 0.0
T 6.0 6.0 0.0 6.0 -6.0 0.0 6.0 6.0 12.0
T 6.0 -6.0 0.0 6.0 -6.0 12.0 6.0 6.0 12.0
MDF 0.7 0.7 0.7 0.1 0.9 0.3 20.0 0.0
S -4.5 -4.5 10.5 1.5
T -6.0 6.0 0.0 6.0 6.0 12.0 -6.0 6.0 12.0
T -6.0 6.0 0.0 6.0 6.0 0.0 6.0 6.0 12.0
T -6.0 -6.0 0.0 -6.0 -6.0 12.0 6.0 -6.0 12.0
T -6.0 -6.0 0.0 6.0 -6.0 12.0  6.0  -6.0 0.0
T 6.0 -6.0 12.0 -6.0 6.0 12.0 6.0 6.0 12.0
T 6.0 -6.0 12.0 -6.0 -6.0 12.0 -6.0 6.0 12.0
T 6.0 -6.0 0.0 -6.0 -6.0 0.0 -6.0 6.0 0.0
T 6.0 -6.0 0.0 -6.0 6.0 0.0 6.0 6.0 0.0
L 0.0 5.9 8.5