MODEL PhotonMapping
E 0 0 0.1
V 0 0 1 0 1 0
F 45
R 800 800
MDI 1.5
S 0.0 -2.8 8.0 2.5
MDF 0.0 0.0 0.0 1.0 0.2 0.2 0.03 0.07 0.1 20.0 0.0
T -6.0 -6.0 0.0 -6.0 6.0 0.0 -6.0 6.0 12.0
T -6.0 -6.0 0.0 -6.0 6.0 12.0 -6.0 -6.0 12.0
MDF 0.0 0.0 0.0 0.2 1.0 0.2 0.03 0.07 0.1 20.0 0.0
T 6.0 6.0 0.0 6.0 -6.0 0.0 6.0 6.0 12.0
T 6.0 -6.0 0.0 6.0 -6.0 12.0 6.0 6.0 12.0
MDF 0.0 0.0 0.0 0.4 0.4 0.4 0.03 0.07 0.1 20.0 0.0
S -4.5 -4.5 10.5 1.5
T -6.0 6.0 0.0 6.0 6.0 12.0 -6.0 6.0 12.0
T -6.0 6.0 0.0 6.0 6.0 0.0 6.0 6.0 12.0
T -6.0 -6.0 0.0 -6.0 -6.0 12.0 6.0 -6.0 12.0
T -6.0 -6.0 0.0 6.0 -6.0 12.0  6.0  -6.0 0.0
T 6.0 -6.0 12.0 -6.0 6.0 12.0 6.0 6.0 12.0
T 6.0 -6.0 12.0 -6.0 -6.0 12.0 -6.0 6.0 12.0
T 6.0 -6.0 0.0 -6.0 -6.0 0.0 -6.0 6.0 0.0
T 6.0 -6.0 0.0 -6.0 6.0 0.0 6.0 6.0 0.0
AL 1.0 1.0 1.0 -2.0 5.9 8.0 2.0 5.9 8.0 2.0 5.9 10.0 -2.0 5.9 10.0