PIPELINE RT
MODEL Whitted
E 0 0 0.1
V 0 0 1 0 1 0
F 45
R 512 512
OBJBVH resource/model/box_monkey_with_texture.obj
MDF 0.0 0.0 0.0 0.65 0.05 0.05 0.03 0.07 0.1 20.0 0.0
T -6.0 -6.0 0.0 -6.0 6.0 0.0 -6.0 6.0 12.0
T -6.0 -6.0 0.0 -6.0 6.0 12.0 -6.0 -6.0 12.0
MDF 0.0 0.0 0.0 0.12 0.45 0.15 0.03 0.07 0.1 20.0 0.0
T 6.0 6.0 0.0 6.0 -6.0 0.0 6.0 6.0 12.0
T 6.0 -6.0 0.0 6.0 -6.0 12.0 6.0 6.0 12.0
MDF 0.0 0.0 0.0 0.73 0.73 0.73 0.03 0.07 0.1 20.0 0.0
T -6.0 6.0 0.0 6.0 6.0 12.0 -6.0 6.0 12.0
T -6.0 6.0 0.0 6.0 6.0 0.0 6.0 6.0 12.0
T -6.0 -6.0 0.0 -6.0 -6.0 12.0 6.0 -6.0 12.0
T -6.0 -6.0 0.0 6.0 -6.0 12.0  6.0  -6.0 0.0
T 6.0 -6.0 12.0 -6.0 6.0 12.0 6.0 6.0 12.0
T 6.0 -6.0 12.0 -6.0 -6.0 12.0 -6.0 6.0 12.0
T 6.0 -6.0 0.0 -6.0 -6.0 0.0 -6.0 6.0 0.0
T 6.0 -6.0 0.0 -6.0 6.0 0.0 6.0 6.0 0.0
L 0.0 5.9 9.0